11100011101000000000000001110000
11100011101000000001000000101010
11100100000000000001000000000000
11100100000100000010000000000000
11100010100000100010000000001101
11100011101000000011000000000010
11100000000000100010000010010011
11100011101000000011000001101110
11100001010100100000000000000011
00000010001000100010000010010001
11100100000000000010000000000100
11100011101000000100000000000100
11100110000100000101000000000000
11100100000000000101000000001000
11100011101000000110110000001111
11100100000000000110000000001100
11100011101000000000000010000000
11100011101000000111000000000000
11100011101000001000000000001111
11100110000000000111000000000111
11100010100001110111000000000001
11100001010110000000000000000111
00011010111111111111111111111011
11101010111111111111111111111110
